>> numg = [-5 -70];
>> deng = [0 -45 -55 (roots([1 7 110]))' (roots([1 6 95]))'];
>> le4 = 10^4

le4 =

       10000

>> % Tentukan partial-fraction expansion
>> numg = [-5 -70];
>> deng = [0 -45 -55 (roots([1 7 110]))' (roots([1 6 95]))'];
>> le4 = 10^4;
>> [numg,deng] = zp2tf(numg', deng', le4);
>> Gtf = tf(numg, deng)

Gtf =
 
                                              
                 10000 s^2 + 750000 s + 3.5e06
                                              
  -----------------------------------------------------------
                                                             
  s^7 + 113 s^6 + 4022 s^5 + 58200 s^4 + 754275 s^3          
                                                             
                                  + 4.324e06 s^2 + 2.586e07 s
                                                             
 
Continuous-time transfer function.
Model Properties
>> G = zpk(Gtf)

G =
 
                 10000 (s+70) (s+5)
  ------------------------------------------------
  s (s+55) (s+45) (s^2 + 6s + 95) (s^2 + 7s + 110)
 
Continuous-time zero/pole/gain model.
Model Properties
>> [r, p, k] = residue(numg,deng)

r =

  -0.0018 + 0.0000i
   0.0066 + 0.0000i
   0.9513 + 0.0896i
   0.9513 - 0.0896i
  -1.0213 - 0.1349i
  -1.0213 + 0.1349i
   0.1353 + 0.0000i


p =

 -55.0000 + 0.0000i
 -45.0000 + 0.0000i
  -3.5000 + 9.8869i
  -3.5000 - 9.8869i
  -3.0000 + 9.2736i
  -3.0000 - 9.2736i
   0.0000 + 0.0000i


k =

     []

>> 
